                                                                                                  1111111111111
                                                                                                  111   11  1111
                                                                                                 111         1111           111111
           111111111111     11111111           11111111           111111111111  1               1111  1   1  11111             11111
              100000          10000001            001         1100011      1110001              1111    1    111111                  11
              100001           000000001          10        110001             101              11111   1   1111111                    1
              100001           00110000001        10       100001               11              1111111   1111111111      1111          1
              100001           00   10000001      10      100001                                11111111111111111111111111111111         1
              100001           00     10000011    10      100001                                 11111111111111111111111111111111        11
              100001           00      110000011  10      000001          11110000111            111111111111111111111111111 11111       11
              100001           00        11000001110      100001             10000               111111111111111111111111111 11111       11
              100001           00          110000000      100000             10000              11111111111111  111111111111111111      11
              100001           00            1100000       100001            10000            11111111111111111 111111111111111111     111
              100001          100              11000         1000011         10000        111 1  111111    111111111111     1111111 1111
           111000000111     11000111             110           111000111111100011         1111111111111 1 111111111111 1 111111111111
                                                                    11111111





























